ID,min_year,max_year
643,1983,1997
647,1987,1997
648,1986,1997
649,1989,1998
650,1987,1997
651,1987,1997
674,1992,2002
687,1959,1984
688,1986,1990
691,1989,1999
692,1967,1984
693,1990,1995
695,1962,1984
696,1962,1984
697,1962,1984
701,1962,1984
702,1962,1984
703,1962,1984
704,1962,1984
705,1962,1984
706,1962,1984
707,1962,1984
708,1962,1984
709,1962,1984
710,1962,1984
711,1962,1984
712,1962,1984
713,1962,1984
714,1962,1984
715,1962,1984
716,1962,1984
717,1962,1984
718,1962,1984
719,1962,1984
720,1962,1984
811,1988,1994
820,1978,1985
821,1968,1988
822,1950,1983
823,1968,1988
824,1967,1987
825,1967,1987
826,1983,2018
827,1993,1997
832,1973,2004
833,1974,1984
839,1995,2000
840,1980,1987
848,1950,1993
849,1950,1993
850,1950,1993
851,1950,1993
852,1950,1994
853,1950,1993
854,1950,1994
855,1966,1993
856,1950,1994
857,1951,1995
858,1950,1994
859,1950,1992
860,1966,1994
861,1950,1993
862,1951,1995
863,1952,1995
864,1968,1993
865,1968,1993
866,1951,1995
867,1969,1991
868,1951,1995
869,1951,1994
870,1951,1995
871,1951,1995
879,1982,2018
880,1968,1991
881,1971,1995
882,1979,1995
883,1982,1995
884,1983,1994
903,1982,1992
904,1986,1990
905,1991,1995
906,1986,1991
907,1985,1991
908,1985,1991
909,1991,1995
910,1979,2002
911,1978,1980
912,1978,1980
914,1978,1980
915,1979,1995
916,1982,1988
917,1991,1995
918,1979,1994
927,1991,1995
928,1982,1986
929,1982,1986
930,1982,1986
931,1974,1991
932,1988,2008
933,1986,1990
934,1986,1990
935,1986,1990
936,1985,1990
937,1979,1994
938,1975,1990
939,1975,1990
940,1975,1990
941,1975,1990
944,1979,1995
945,1986,1990
946,1986,1990
947,1986,1990
948,1979,1995
949,1986,1990
950,1986,1990
951,1978,1993
952,1986,1990
953,1991,1995
954,1979,1995
958,1991,1995
959,1979,1995
960,1979,1995
961,1986,1990
962,1986,1990
963,1979,1995
964,1986,1988
965,1986,1988
966,1991,1995
967,1986,1989
973,1977,1979
974,1991,1994
975,1991,1995
977,1977,1982
978,1977,1982
979,1974,1979
980,1976,1982
981,1975,1982
982,1975,1982
983,1975,1982
984,1975,1982
985,1986,1990
986,1979,1995
987,1991,1996
988,1986,1990
989,1986,1990
990,1979,1995
1075,1968,1997
1076,1970,1999
1085,1980,1997
1087,1985,1995
1088,1971,1985
1106,1980,1990
1107,1962,1984
1108,1970,1984
1132,1964,1978
1135,1967,1990
1146,1990,1999
1147,1980,1990
1148,1983,1989
1149,1981,1986
1150,1981,1986
1151,1981,1986
1152,1981,1986
1153,1982,1986
1154,1981,1984
1158,1975,1997
1159,1975,1995
1162,1970,1997
1163,1970,1995
1353,1976,1987
1354,1976,1986
1355,1988,1993
1359,1973,1983
1360,1973,1983
1362,1971,1990
1363,1979,1992
1365,1986,1998
2332,1982,2002
2333,1979,2002
2335,1998,2002
2336,1976,1997
2337,1978,2003
2338,1988,1994
2339,1970,2003
2344,1988,1994
2347,1976,1997
2348,1978,2003
2401,1987,2003
2402,1997,2003
2403,1992,2004
2406,1986,2000
2407,1986,2003
2410,1995,2003
2411,1991,2003
2412,1991,2003
2413,1994,2003
2414,1995,2003
2419,1992,2003
2422,1981,2003
2424,1985,2003
2426,1991,2003
2428,1997,2003
2437,1986,2003
2438,1995,2003
2440,1990,2003
2443,1987,1995
2448,1988,2001
2449,1987,2003
2452,1991,2003
2453,1991,2003
2454,1994,2003
2455,1995,2003
2460,1992,2003
2462,1981,2003
2463,1985,2003
2464,1991,2003
2466,1997,2003
2474,1985,1990
2476,1987,1995
3506,1975,1983
3508,1975,1983
3511,1975,1983
4387,1995,1998
4388,1995,1998
4389,1995,1998
4390,1995,1999
4391,1995,1999
4392,1996,1998
4393,1996,1998
4454,1999,2006
4455,1999,2006
4456,1999,2006
4464,1998,2005
4465,1998,2005
4466,1998,2005
4470,1999,2005
4472,1999,2005
4488,1987,2010
4490,1986,2010
4528,1988,1994
4539,1987,2017
4561,1983,1984
4564,1970,1971
4567,1993,1997
4568,1993,1997
4569,1993,1997
4570,1993,1997
4571,1984,1998
4572,1984,1998
4573,1984,1998
4574,1984,1998
4576,1954,1982
4581,1950,1979
4586,1965,1981
4884,1965,1984
4885,1965,1982
5112,1979,1990
5113,1965,1992
5193,1990,2001
5194,1979,1995
5195,1981,1995
5196,1980,1995
5197,1979,1995
5198,1979,1995
5199,1979,1995
5200,1980,1995
5201,1982,1995
5202,1982,1995
5203,1982,1995
5204,1983,1994
5205,1984,1994
5206,1984,1994
5207,1983,1995
5208,1983,1994
5209,1983,1994
5210,1983,1994
5211,1983,1994
5212,1983,1995
5213,1983,1995
5214,1983,1994
5215,1983,1994
5216,1983,1994
5217,1983,1994
5218,1983,1994
5329,1987,2003
5339,1983,1989
5340,1990,2003
5341,1992,2003
5367,1990,1992
5368,1990,1992
5518,1964,1982
5521,1967,1982
5523,1964,1982
5525,1964,1982
5530,1962,1982
5531,1970,1982
5547,1983,1992
5554,1983,1992
5570,1991,1993
5713,1992,2017
5718,2001,2006
5727,1992,1996
5740,1991,2009
5819,1963,1989
5907,2003,2004
5925,1974,2003
5933,2003,2008
6115,1966,1975
6116,1966,1975
6167,1977,1981
6180,1979,1981
6181,1987,1989
6182,1987,1989
6183,1987,1989
6184,1987,1989
6186,1988,1991
6203,1991,2002
6204,1991,2002
6215,1989,1991
6297,1974,1976
6298,1974,1976
6299,1974,1976
6300,1974,1976
6301,1974,1976
6302,1974,1976
6304,1970,2002
6329,1976,1990
6332,1993,1995
6345,1978,1984
6383,1999,2004
6386,1999,2004
6472,1997,2000
6549,2003,2007
6550,2003,2007
7693,1970,1976
7707,1984,1993
7744,1989,2004
7745,1991,2000
7746,1991,2000
7747,1968,2004
7776,2000,2006
7777,2000,2006
7778,2000,2006
7806,1985,1995
7807,1985,1995
7808,1975,1995
7809,1985,1995
7810,1985,1995
7812,2000,2006
7855,1992,2001
7860,1992,2001
7861,1992,2001
7862,1992,2001
7863,1992,2001
7864,1992,2001
7867,1992,2001
7878,1992,2001
7879,1992,2001
7880,1992,2001
7881,1992,2001
7882,1992,2001
7883,1992,2001
7884,1992,2001
7885,1992,2001
7886,1992,2001
7887,1992,2001
7888,1992,2001
7890,1992,2001
7891,1992,2001
7892,1992,2001
7893,1992,2001
7894,1992,2001
7895,1992,2001
7896,1992,2001
7897,1992,2001
7898,1992,2001
7899,1992,2001
7900,1992,2001
7901,1992,2001
7903,1992,2001
7908,1992,2001
7910,1992,2001
7911,1992,2001
7912,1992,2001
7919,2000,2001
7920,2000,2001
7921,2000,2001
7922,2000,2001
7923,2000,2001
7924,2000,2001
7925,2000,2001
7926,2000,2001
7927,2000,2001
7928,2000,2001
7929,2000,2001
7930,2000,2001
7935,2000,2001
7936,2000,2001
7937,2000,2001
7938,2000,2001
7939,2000,2001
7940,2000,2001
7941,2000,2001
7942,2000,2001
7943,2000,2001
7944,2000,2001
7945,2000,2001
7946,2000,2001
7947,2000,2001
7951,2000,2001
7952,2000,2001
7953,2000,2001
7954,2000,2001
7955,2000,2001
7956,2000,2001
7957,2000,2001
7958,2000,2001
7959,2000,2001
7960,2000,2001
7961,2000,2001
7962,2000,2001
7982,1996,1998
8183,1986,2002
8405,1979,2008
8431,1975,2001
8471,2000,2007
8615,1957,2002
8680,1998,2001
8747,1996,1998
8749,1984,1997
8757,1998,1999
8820,1996,1999
8840,1988,1995
8887,1994,1997
8888,1994,1997
8889,1994,1997
8947,1972,1997
9251,1995,2007
9252,1995,2007
9253,1995,2007
9262,1994,2000
9270,1994,2000
9277,1994,2000
9283,1994,2000
9374,1993,2002
9381,1993,2002
9394,1996,2005
9409,1972,1976
9416,2001,2002
9417,2001,2002
9418,2001,2002
9420,2001,2002
9423,2001,2002
9425,2001,2002
9426,2001,2002
9427,2001,2002
9429,2001,2002
9432,2001,2002
9435,2001,2002
9436,2001,2002
9437,2001,2002
9439,2001,2002
9442,2001,2002
9445,2001,2002
9446,2001,2002
9447,2001,2002
9449,2001,2002
9452,2001,2002
9455,2001,2002
9456,2001,2002
9457,2001,2002
9459,2001,2002
9462,2001,2002
9537,2005,2008
9558,2001,2002
9559,2001,2002
9562,2001,2002
9575,1985,1993
9587,1974,1997
9588,1974,1997
9591,1974,1997
9596,1978,1984
9597,1967,1987
9598,1983,2004
9603,1988,1989
9605,1996,1999
9607,1996,1999
9609,1996,1999
9623,1998,1999
9624,1998,1999
9638,1953,2005
9699,1976,1995
9707,1976,1995
10086,1997,2006
10497,2004,2007
10498,2004,2007
10511,2004,2007
11070,1974,1980
11080,2005,2008
11081,2005,2008
11091,1982,2005
11195,1977,2009
11196,1974,2006
11211,2003,2006
11274,1986,2003
11374,1971,2000
11497,1979,2000
11877,1995,2010
11878,1989,2010
11885,1999,2011
11886,1950,2009
11890,1989,2012
11891,2004,2008
11892,2003,2008
11972,1976,2012
11986,1995,2008
11993,1996,2000
12012,1997,2007
12013,1999,2010
12375,1998,2000
12381,2003,2004
12383,2003,2004
12384,2003,2004
12386,2003,2004
12403,1997,1999
12405,1997,1999
12409,1997,1999
12410,1997,1999
12411,1997,1999
12412,1997,1999
12414,1998,1999
12796,1992,2002
12864,2006,2012
12865,2006,2012
12867,2006,2012
12880,2001,2015
12883,2001,2015
12884,2001,2015
12885,2001,2015
12886,2001,2015
12887,2001,2013
12934,1972,2002
13222,1990,2012
13223,1968,1984
13253,1995,2006
13254,1995,2006
13319,1996,2007
13320,1996,2007
13322,1996,2003
13323,1996,2007
13333,1990,2004
13444,1975,1998
13451,1995,2006
13453,1980,2012
13454,1988,2012
14884,1997,2002
14885,1997,2002
14891,1997,2002
14892,1997,2002
14934,1996,2006
14946,2003,2008
14954,2001,2008
14955,2001,2007
17533,1999,2011
17534,2004,2005
17539,1986,2001
17542,2008,2014
17560,2000,2001
17561,2000,2001
17562,2000,2001
17563,2000,2001
17564,2000,2001
17565,2000,2001
17566,2000,2001
17567,2000,2001
17568,2000,2001
17576,1987,1998
17579,1987,1998
17580,1987,1998
17581,1987,1998
17582,1987,1998
17586,1987,1998
17587,1987,1998
17588,1987,1998
17590,1987,1998
17591,1987,1998
17592,2000,2001
17595,1987,1998
17596,1987,1998
17597,1987,1998
17598,1987,1998
17599,1987,1998
17600,1987,1998
17601,1987,1998
17638,2000,2003
17658,2005,2006
17659,2005,2006
17660,2005,2008
17661,2005,2008
17662,2005,2008
17666,2005,2006
17670,2003,2004
17671,2003,2004
17730,1996,2002
17748,2010,2011
17754,2006,2008
17767,1990,1998
17784,1988,1998
17823,1991,2008
17854,1971,2010
17868,2002,2003
17869,2002,2003
17870,2002,2003
17871,2002,2003
17874,2002,2003
17879,2002,2003
17884,2002,2003
17887,2002,2003
17965,1975,2007
18004,1973,2016
18238,1985,2009
18253,1991,2006
18257,1978,2013
18287,1985,1996
18477,2011,2013
18478,1986,2010
18482,2011,2012
18491,1980,1990
18527,1996,2009
18528,1996,2011
18530,1997,2011
18534,1993,1994
18593,2001,2015
18600,2003,2015
18876,1991,2013
19384,2011,2014
19508,2007,2008
19528,1980,2013
19529,1980,2013
19554,2007,2008
19555,2007,2008
19676,2009,2010
19694,2004,2010
19703,2005,2014
19708,1999,2014
19711,1999,2014
19713,1999,2014
19714,2007,2014
19772,2009,2010
19775,1993,2007
19792,1982,1983
19794,1982,1983
19797,1982,1983
19805,2006,2007
19816,1982,2015
19826,2011,2014
19827,2011,2014
19829,2005,2016
19831,2005,2016
19832,2008,2016
19834,2011,2014
19835,2011,2014
19836,2011,2014
19837,2011,2014
19838,2011,2014
19842,2011,2014
19843,2011,2014
19844,2011,2014
19845,2005,2011
19847,1981,2015
19917,1975,1977
20030,2001,2015
20031,2014,2015
20032,1978,1990
20259,2008,2014
20260,1979,2015
20343,2002,2006
20344,2002,2006
20345,2002,2006
20416,1976,2015
20440,2006,2015
20441,2008,2015
20442,2001,2015
20443,1976,2015
21226,2000,2004
21227,2004,2005
21257,2010,2015
21258,2010,2015
21289,2010,2015
21310,2010,2015
21395,2006,2015
21396,2006,2015
21397,2008,2015
21398,2008,2015
21399,2001,2015
21677,2006,2015
21691,2006,2015
21692,2008,2015
21693,2001,2015
21694,1980,2015
21969,1976,2013
21970,2006,2010
21971,1994,2001
21972,2014,2015
22024,2002,2003
22031,1980,1985
22032,1983,1992
22033,1977,2012
22138,1981,1991
22420,2015,2016
22424,2015,2016
22427,2015,2016
22428,2015,2016
22429,2015,2016
22430,2015,2016
22905,1977,2014
22906,1977,2012
22920,2011,2014
22922,1993,2017
22923,1991,2009
22924,1991,2009
22925,1991,2009
22926,1991,2009
22927,1991,2009
22928,1991,2009
22929,1991,2009
22930,1991,2009
22932,1991,2009
22937,1991,2009
22938,1991,2009
22941,1991,2009
22942,1991,2009
22943,1991,2009
22964,2002,2012
22965,2002,2012
22966,2002,2012
22967,2002,2012
22969,1984,1994
22970,1984,1994
22971,1984,1994
22972,1984,1994
22974,1984,1994
22975,1984,1994
22983,1993,2001
22984,1993,2001
22985,1993,2001
22986,1993,2001
22987,1993,2001
22988,1993,2001
22989,1993,2001
22990,1993,2001
22991,1993,2001
22992,1993,2001
22993,1993,2001
22994,1993,2001
22995,1993,2001
23066,1992,2000
23067,1996,2000
23068,1992,2000
23069,1999,2000
23070,1997,2000
23071,1997,2000
23072,1995,2000
23073,1993,2000
23074,1998,2000
23078,1996,2010
23079,1996,1998
23142,1984,2011
23143,1984,2011
23144,1984,2011
23145,1984,2011
23148,1996,2011
23149,1984,2011
23152,2007,2009
23174,1994,2013
23268,2007,2013
23271,1989,2005
23272,1989,2005
23274,1989,2005
23275,1987,2017
23276,1987,2017
23278,1987,2017
25498,1993,2012
25499,2006,2013
25502,2006,2013
25505,2006,2013
25507,2006,2013
25587,1993,2017
25608,2003,2008
25609,1993,2008
25618,1998,2012
25664,2011,2017
26466,2003,2008
26470,2003,2008
26479,2003,2008
26480,2003,2008
26481,2003,2008
26482,2003,2008
26483,2003,2008
26484,2003,2008
26485,2003,2008
26495,2003,2008
26496,2003,2008
26498,2003,2008
26500,2003,2008
26512,2008,2013
26513,2011,2013
26514,2011,2013
26515,2008,2013
26516,2008,2013
26517,2011,2013
26518,2011,2013
26519,2011,2013
26520,2008,2013
26521,2008,2013
26522,2011,2012
26523,2011,2013
26524,2011,2013
26527,2008,2013
26528,2011,2013
26529,2011,2013
26530,2011,2013
26531,2008,2013
26532,2008,2013
26533,2011,2013
26534,2011,2013
26535,1999,2000
26536,2011,2013
26537,2008,2013
26538,1999,2000
26539,2009,2013
26540,2011,2013
26541,2011,2013
26542,2011,2013
26546,2008,2013
26547,2012,2013
26548,2011,2013
26549,2011,2013
26550,2011,2013
26553,2011,2013
26556,1992,1995
26557,2008,2013
26558,2011,2012
26560,2011,2013
26563,2011,2013
26564,2012,2013
26568,2011,2012
26570,2012,2013
26572,2008,2013
26573,2008,2013
26574,2009,2013
26575,2009,2013
26576,2009,2013
26577,2009,2013
26578,2008,2013
26579,2008,2013
26580,2009,2013
26581,2010,2013
26582,2012,2013
26583,2010,2012
26584,2011,2012
26587,2006,2007
26592,2006,2007
26593,2010,2013
26594,2009,2013
26595,2009,2013
26596,2008,2012
26597,2008,2013
26598,2009,2012
26599,2010,2012
26600,2009,2013
26601,2011,2013
26605,2009,2013
26606,2010,2013
26607,2009,2013
26608,2009,2010
26610,2009,2013
26611,2011,2013
26612,2009,2013
26613,2009,2013
26614,2009,2012
26615,2010,2013
26618,2009,2011
26620,2010,2012
26621,2009,2012
26622,2009,2013
26624,1992,2018
26627,2008,2016
26631,2008,2016
26636,1961,1975
26638,2008,2016
26639,2008,2016
26648,2002,2005
26649,2002,2005
26650,2002,2005
26652,2002,2005
26654,2002,2005
26656,2002,2005
26658,2002,2005
26666,2006,2012
26674,2006,2012
26680,2006,2009
26682,2006,2012
26699,2007,2009
26701,2007,2009
26702,2007,2009
26703,2007,2008
26717,2000,2016
26718,2000,2007
26719,2004,2008
26720,2005,2008
26721,1997,2007
26725,2000,2007
26727,2004,2008
26728,2005,2008
26731,1997,2007
26732,2000,2007
26735,1984,2014
26737,2006,2018
26738,2012,2018
26739,1998,2010
26740,1984,2008
26741,1994,2018
26742,1990,2018
26749,1994,2000
26750,1987,2000
26751,1994,2000
26752,1991,2000
26753,1987,2000
26754,1987,2000
26755,1991,2000
26756,1989,2000
26757,1994,2000
26764,1994,2000
26765,1992,2000
26766,1991,2000
26767,1989,2000
26768,1994,2000
26773,1987,2000
26774,1991,1999
26775,1994,2000
26776,2000,2007
26777,2004,2008
26778,2005,2008
26779,1997,2007
26780,2000,2007
26781,2004,2008
26782,2005,2008
26783,1997,2007
26785,2000,2007
26786,2004,2008
26787,2005,2008
26788,1997,2007
26793,2000,2007
26794,2003,2008
26795,2008,2013
26796,2008,2013
26797,2003,2008
26800,2003,2008
26801,2008,2013
26807,2008,2013
26808,2008,2013
26810,2004,2008
26811,2005,2008
26812,2000,2007
26813,2004,2008
26814,2005,2008
26815,1997,2007
26816,2000,2007
26817,2004,2008
26818,2005,2008
26819,1997,2007
26824,2008,2016
26828,1974,1975
26830,1997,2018
26831,1997,2018
26832,1997,2018
26833,2009,2012
26842,1978,2018
26843,2011,2018
26845,2005,2007
26849,1964,1975
26850,1964,1974
26851,1972,1975
26852,1968,1974
26853,1961,1975
26854,1962,1974
26855,1961,1974
26856,1964,1974
26860,1961,1975
26861,1960,1975
26867,2007,2009
26869,2007,2009
26870,1961,1975
26871,1960,1974
26873,1961,1975
26877,1960,1974
26878,2007,2008
26887,2004,2008
26889,1962,1975
26890,2005,2008
26891,1964,1975
26892,1961,1975
26893,1997,2007
26894,1962,1974
26895,1961,1975
26896,1960,1974
26898,1972,1975
26899,1972,1974
26928,1974,1978
26929,1975,1979
26930,1975,1980
26931,1975,1979
26932,1975,1977
26933,1975,1979
26934,1976,1979
26952,1974,1979
26953,1978,1981
26954,1975,1979
26955,1975,1979
26959,1977,1979
26960,1979,1981
26962,1977,1980
26963,1977,1980
26966,1979,2006
26967,1977,1981
26969,1976,1980
26970,1977,1981
26971,1974,1979
26972,1975,1979
26973,1975,1979
26974,1975,1979
26975,1975,1979
26976,1975,1977
26977,1975,1979
26978,1975,1979
26979,1975,1979
26980,1975,1979
26981,1975,1979
26982,1975,1980
27196,1992,1999
27215,1987,1998
27216,2001,2010
27222,2009,2010
27223,2000,2003
27224,2000,2003
27225,2000,2003
27227,2001,2003
27228,2001,2003
27229,2006,2008
27230,2006,2008
27231,2006,2008
27232,2006,2008
27233,2006,2008
27234,1986,2007
27235,1988,2007
27236,1986,2007
27237,1986,2007
27239,2007,2011
27240,2007,2010
27241,2007,2009
27242,2007,2011
27245,2007,2011
27246,2007,2011
27247,2007,2010
27248,2007,2011
27249,2007,2011
27250,2008,2011
27251,2007,2010
27252,2007,2010
27253,2009,2010
27254,2009,2011
27255,2008,2010
27256,2007,2010
27257,2007,2010
27258,2007,2010
27261,1980,1988
27266,2008,2013
27267,2008,2013
27268,2008,2013
27269,2008,2013
27270,2008,2013
27272,2008,2013
27276,1965,1997
27321,2005,2007
27322,2005,2007
27356,1987,1988
27359,1975,1997
27360,2014,2016
27361,1997,2000
27362,1999,2000
27368,1999,2000
27369,1985,1997
27419,2000,2005
27420,2000,2002
27421,2000,2005
27422,2000,2005
27424,2000,2005
27425,2003,2005
27427,2002,2004
27429,2000,2005
27431,2000,2005
27436,2000,2005
27438,2001,2004
27439,2001,2003
27440,2000,2004
27441,2000,2005
27442,2000,2005
27443,2000,2005
27444,2001,2005
27445,2000,2003
27446,2000,2005
27448,2001,2005
27449,2000,2005
27450,2000,2001
27451,2002,2005
27452,2001,2005
27453,2000,2005
27454,2000,2005
27456,2001,2003
27457,2001,2005
27458,2000,2004
27459,2001,2005
27464,2000,2005
27465,2000,2005
27466,2000,2005
27468,2004,2005
27469,2000,2005
27470,2001,2004
27471,2001,2005
27472,2000,2005
27473,2000,2005
27474,2000,2004
27477,2000,2004
27478,2000,2005
27479,2000,2005
27480,2000,2005
27482,2000,2005
27483,2000,2005
27484,2000,2004
27489,2000,2005
27490,2000,2002
27491,2000,2004
27492,2000,2005
27494,2003,2004
27495,2000,2003
27496,2001,2005
27497,2000,2004
27498,2000,2005
27499,2003,2004
27500,2000,2004
27501,2000,2005
27503,2000,2005
27504,2000,2005
27505,2003,2005
27506,2001,2005
27507,2000,2005
27508,2000,2005
27509,2000,2005
27511,2001,2005
27512,2001,2004
27513,2000,2005
27517,2000,2005
27519,2000,2005
27520,2000,2005
27521,2000,2005
27522,2001,2005
27523,2003,2005
27525,2000,2005
27526,2000,2005
27528,2000,2004
27529,2000,2005
27530,2001,2005
27531,2001,2005
27532,2001,2005
27533,2001,2005
27537,2001,2005
27538,2001,2005
27539,2001,2005
27540,2001,2003
27542,2001,2005
27543,2001,2005
27544,2002,2005
27545,2002,2005
27549,2001,2005
27550,2001,2005
27551,2001,2005
27552,2001,2005
27604,2006,2008
27957,1984,2000
27958,1984,2000
27959,1984,2000
27960,1984,2000
28331,1976,2013
28362,1985,2018
28364,1973,2019
28365,1987,2019
28428,2010,2012
28613,2009,2010
28645,1993,1995
28646,1993,1995
28647,1993,1995
28648,2007,2009
28649,2007,2009
28650,2007,2009
28651,2007,2009
28652,2007,2009
28656,2000,2002
28658,2000,2002
28678,1975,2006
28679,1971,2006
28680,1970,2001
28682,1994,2005
28683,1995,2005
28684,1990,2005
28699,1996,1998
28700,1996,1998
28702,2004,2016
28710,1991,2001
28716,2010,2020
28717,2010,2020
28718,2010,2020
28719,2010,2020
28720,2010,2020
28721,2010,2020
28722,2010,2019
28723,2010,2019
28724,2010,2019
28725,2010,2019
28726,2010,2019
28727,2010,2020
28728,2010,2020
28729,2010,2020
28730,2010,2020
28731,2010,2020
28732,2010,2020
28733,2010,2019
28734,2010,2019
28735,2010,2019
28736,2010,2019
28737,2010,2019
28738,2010,2020
28739,2010,2020
28740,2010,2020
28741,2010,2020
28742,2010,2020
28743,2010,2020
28744,2010,2019
28745,2010,2019
28746,2010,2019
28747,2010,2019
28748,2010,2019
28749,2010,2020
28750,2010,2020
28751,2010,2020
28752,2010,2020
28753,2010,2020
28754,2010,2020
28755,2010,2020
28756,2010,2020
28757,2010,2020
28758,2010,2019
28759,2010,2020
28760,2010,2020
28762,2010,2020
28763,2010,2020
28764,2010,2020
28765,2010,2020
28766,2010,2020
28767,2010,2020
28768,2010,2019
28769,2010,2019
28770,2010,2019
28771,2010,2019
28772,2010,2019
28773,2010,2020
28774,2010,2020
28775,2010,2020
28776,2010,2019
28777,2010,2019
28778,2010,2019
28779,2010,2020
28780,2010,2020
28781,2010,2020
28782,2010,2020
28783,2010,2019
28795,2010,2020
28796,2010,2020
28797,2010,2020
28798,2010,2020
28799,2010,2020
28800,2010,2020
28801,2010,2019
28802,2010,2019
28803,2010,2019
28804,2010,2019
28805,2010,2020
28806,2010,2020
28807,2010,2019
28808,2010,2019
28809,2010,2020
28810,2010,2020
28811,2010,2020
28812,2010,2020
28813,2010,2020
28814,2010,2020
28815,2010,2019
28816,2010,2019
28817,2010,2019
28818,2010,2019
28819,2010,2019
28820,2010,2020
28821,2010,2020
28822,2010,2020
28823,2010,2020
28824,2010,2020
28825,2010,2019
28826,2010,2019
28827,2010,2019
28828,2010,2020
28829,2010,2020
28830,2010,2020
28831,2010,2020
28832,2010,2020
28833,2010,2020
28834,2010,2019
28835,2010,2019
28836,2010,2019
28837,2010,2019
28838,2010,2019
28839,2010,2020
28840,2010,2020
28841,2010,2020
28842,2010,2020
28843,2010,2020
28844,2010,2019
28845,2010,2020
28846,2010,2020
28847,2010,2020
28848,2010,2020
28849,2010,2020
28850,2010,2020
28851,2010,2020
28852,2010,2020
28853,2010,2020
28854,2010,2019
28855,2010,2019
28856,2010,2019
28857,2010,2019
28858,2010,2019
28859,2010,2020
28860,2010,2020
28861,2010,2020
28862,2010,2020
28863,2010,2020
28864,2010,2020
28865,2010,2019
28866,2010,2019
28867,2010,2019
28868,2010,2019
28869,2010,2020
28870,2010,2020
28871,2010,2020
28872,2010,2020
28873,2010,2019
28874,2010,2019
28875,2010,2020
28876,2010,2020
28877,2010,2020
28878,2010,2020
28879,2010,2020
28880,2010,2020
28881,2010,2020
28882,2010,2020
28883,2010,2019
28884,2010,2019
28885,2010,2019
28886,2010,2019
28887,2010,2019
28888,2010,2020
28889,2010,2020
28890,2010,2020
28891,2010,2020
28892,2010,2020
28893,2010,2020
28894,2010,2020
28895,2010,2019
28896,2010,2019
28897,2010,2020
28898,2010,2020
28899,2010,2019
28900,2010,2019
28901,2010,2020
28902,2010,2020
28903,2010,2020
28904,2010,2020
28905,2010,2020
28906,2010,2020
28907,2010,2019
28908,2010,2019
28909,2010,2019
28910,2010,2019
28911,2010,2019
28912,2010,2020
28913,2010,2020
28914,2010,2020
28915,2010,2020
28916,2010,2020
28917,2010,2020
28918,2010,2019
28919,2010,2019
28920,2010,2019
28921,2010,2019
28922,2010,2019
28923,2010,2020
28924,2010,2020
28925,2010,2020
28926,2010,2020
28927,2010,2020
28928,2010,2020
28929,2010,2019
28930,2010,2019
28931,2010,2019
28932,2010,2019
28933,2010,2019
28934,2010,2020
28935,2010,2020
28936,2010,2020
28937,2010,2020
28938,2010,2020
28939,2010,2020
28940,2010,2019
28941,2010,2019
28942,2010,2019
28943,2010,2019
28944,2010,2019
28945,2010,2020
28946,2010,2020
28947,2010,2020
28948,2010,2020
28949,2010,2020
28950,2010,2020
28951,2010,2019
28952,2010,2019
28953,2010,2019
28954,2010,2019
28955,2010,2019
28967,2010,2020
28968,2010,2019
28969,2010,2020
28970,2010,2020
28971,2010,2020
28972,2010,2020
28973,2010,2020
28974,2010,2020
28975,2010,2019
28976,2010,2019
28977,2010,2019
28978,2010,2019
28979,2010,2019
28980,2010,2020
28981,2010,2020
28982,2010,2020
28983,2010,2020
28984,2010,2020
28985,2010,2020
28986,2010,2019
28987,2010,2020
28988,2010,2020
28989,2010,2020
28990,2010,2020
28991,2010,2020
28992,2010,2020
28993,2010,2019
28994,2010,2019
28995,2010,2019
28996,2010,2019
28997,2010,2019
28998,2010,2020
28999,2010,2020
29000,2010,2020
29001,2010,2020
29002,2010,2020
29003,2010,2020
29004,2010,2019
29005,2010,2019
29006,2010,2019
29007,2010,2019
29008,2010,2019
29009,2010,2020
29010,2010,2020
29011,2010,2020
29012,2010,2020
29013,2010,2020
29014,2010,2020
29015,2010,2019
29016,2010,2019
29017,2010,2019
29018,2010,2019
29019,2010,2019
29022,2010,2020
29023,2010,2020
29024,2010,2020
29025,2010,2020
29026,2010,2020
29027,2010,2020
29028,2010,2019
29029,2010,2019
29030,2010,2019
29031,2010,2019
29032,2010,2019
29033,2010,2020
29034,2010,2020
29035,2010,2020
29036,2010,2020
29037,2010,2019
29038,2010,2020
29039,2010,2020
29040,2010,2020
29041,2010,2020
29042,2010,2020
29043,2010,2020
29044,2010,2019
29045,2010,2019
29046,2010,2019
29047,2010,2019
29048,2010,2019
29049,2010,2019
29050,2010,2020
29051,2010,2020
29052,2010,2020
29053,2010,2020
29054,2010,2020
29055,2010,2020
29056,2010,2019
29057,2010,2019
29058,2010,2019
29059,2010,2019
29060,2010,2020
29061,2010,2020
29062,2010,2020
29063,2010,2020
29064,2010,2020
29065,2010,2020
29066,2010,2019
29067,2010,2019
29068,2010,2019
29069,2010,2019
29070,2010,2019
29071,2010,2020
29072,2010,2020
29073,2010,2020
29074,2010,2020
29075,2010,2020
29076,2010,2020
29077,2010,2019
29078,2010,2019
29079,2010,2019
29080,2010,2019
29081,2010,2019
29082,2010,2020
29083,2010,2020
29084,2010,2020
29085,2010,2020
29086,2010,2020
29087,2010,2020
29088,2010,2019
29089,2010,2019
29090,2010,2019
29091,2010,2019
29092,2010,2019
29093,2010,2020
29094,2010,2020
29095,2010,2020
29096,2010,2020
29097,2010,2020
29098,2010,2020
29099,2010,2019
29100,2010,2019
29101,2010,2020
29102,2010,2020
29103,2010,2020
29104,2010,2020
29105,2010,2020
29106,2010,2020
29107,2010,2019
29108,2010,2019
29109,2010,2019
29110,2010,2019
29111,2010,2019
29112,2010,2020
29113,2010,2020
29114,2010,2020
29115,2010,2020
29116,2010,2020
29117,2010,2020
29118,2010,2019
29119,2010,2019
29120,2010,2019
29121,2010,2019
29122,2010,2019
29123,2010,2020
29124,2010,2020
29125,2010,2020
29126,2010,2020
29127,2010,2020
29128,2010,2019
29129,2010,2019
29130,2010,2020
29131,2010,2020
29132,2010,2020
29133,2010,2020
29134,2010,2020
29135,2010,2020
29136,2010,2019
29137,2010,2019
29138,2010,2019
29139,2010,2019
29140,2010,2020
29141,2010,2020
29142,2010,2020
29143,2010,2020
29144,2010,2020
29145,2010,2020
29146,2010,2019
29147,2010,2019
29148,2010,2019
29153,2004,2010
29154,2004,2010
29156,2004,2010
29157,2004,2010
29158,2004,2010
29159,2004,2010
29170,2001,2006
29171,2001,2006
29172,2001,2006
29173,2001,2006
29254,2016,2020
29255,2011,2020
29257,2011,2020
29258,2011,2020
29260,2011,2020
29262,2011,2020
29263,2011,2020
29265,2011,2020
29266,2011,2020
29268,2011,2020
29269,2011,2020
29271,2011,2020
29273,2011,2020
29275,2011,2020
29277,2011,2020
29278,2011,2020
29280,2012,2020
29282,2012,2020
29283,2011,2018
29284,2019,2020
29287,2011,2018
29288,2019,2020
29289,2011,2020
29290,2011,2020
29293,2011,2019
29294,2020,2020
29295,2011,2020
29297,2011,2020
200295,2010,2011
200296,2010,2011
200297,2014,2015
200663,2010,2020
200665,2010,2020
200666,2010,2020
200667,2010,2020
200668,2010,2020
200669,2010,2020
200674,2010,2020
200675,2010,2020
200676,2010,2020
200678,2010,2020
200679,2010,2020
200682,2010,2020
200683,2010,2020
200684,2010,2020
200685,2010,2020
200688,2010,2020
200694,2010,2020
200695,2010,2020
200696,2010,2020
200697,2010,2020
200698,2010,2020
200699,2010,2020
200700,2010,2020
200701,2010,2020
200703,2010,2020
200704,2010,2020
200705,2010,2020
200715,2010,2020
200716,2010,2020
200718,2010,2020
200719,2010,2020
200720,2010,2020
200721,2010,2020
200722,2010,2020
200723,2010,2020
200725,2010,2020
200727,2010,2020
200729,2010,2020
200733,2010,2020
200734,2010,2020
200735,2010,2020
200739,2010,2020
200740,2010,2020
200741,2010,2020
200742,2010,2020
200743,2010,2020
200744,2010,2020
200749,2010,2020
200750,2010,2020
200752,2010,2020
200757,2010,2020
200758,2010,2020
200759,2010,2020
200771,2010,2020
200772,2010,2020
200773,2010,2020
200775,2010,2020
200778,2010,2020
200779,2010,2020
200780,2010,2020
200786,2010,2020
200787,2010,2020
200788,2010,2020
200789,2010,2020
200792,2010,2020
200794,2010,2020
200799,2010,2020
200803,2010,2020
200804,2010,2020
200808,2010,2020
200809,2010,2020
200810,2010,2020
200811,2010,2020
200812,2010,2020
200813,2010,2020
200814,2010,2020
200816,2010,2020
200829,2010,2020
200832,2010,2020
200833,2010,2020
200834,2010,2020
200835,2010,2020
200836,2010,2020
200837,2010,2020
200838,2010,2020
200839,2010,2020
200840,2010,2020
200841,2010,2020
200842,2010,2020
200843,2010,2020
200844,2010,2020
200851,2010,2020
200852,2010,2020
200854,2010,2020
200855,2010,2020
200856,2010,2020
200857,2010,2020
200858,2010,2020
200859,2010,2020
200860,2010,2020
200863,2010,2020
200864,2010,2020
200865,2010,2020
200868,2010,2020
200869,2010,2020
200870,2010,2020
200873,2010,2020
200874,2010,2020
200875,2010,2020
200876,2010,2020
200877,2010,2020
200879,2010,2020
200882,2010,2020
200883,2010,2020
200884,2010,2020
200887,2010,2020
200888,2010,2020
200892,2010,2020
200898,2010,2020
200899,2010,2020
200902,2010,2020
200903,2010,2020
200904,2010,2020
200905,2010,2020
200906,2010,2020
200907,2010,2020
200909,2010,2020
200910,2010,2020
200913,2010,2020
200914,2010,2020
200915,2010,2020
200919,2010,2020
200920,2010,2020
200921,2010,2020
200922,2010,2020
200923,2010,2020
200924,2010,2020
200925,2010,2020
200930,2010,2020
200931,2010,2020
200932,2010,2020
200937,2010,2020
200938,2010,2020
200950,2010,2020
200951,2010,2020
200952,2010,2020
200954,2010,2020
200956,2010,2020
200959,2010,2020
200964,2010,2020
200975,2010,2020
200976,2010,2020
200978,2010,2020
200980,2010,2020
200982,2010,2020
200983,2010,2020
200984,2010,2020
200985,2010,2020
200986,2010,2020
200988,2010,2020
201002,2010,2020
201005,2010,2020
201007,2010,2020
201008,2010,2020
201009,2010,2020
201010,2010,2020
201011,2010,2020
201012,2010,2020
201013,2010,2020
201014,2010,2020
201022,2010,2020
201023,2010,2020
201024,2010,2020
201026,2010,2020
201029,2010,2020
201030,2010,2020
201031,2010,2020
201032,2010,2020
201036,2010,2020
201037,2010,2020
201039,2010,2020
201042,2010,2020
201043,2010,2020
201046,2010,2020
201047,2010,2020
201048,2010,2020
201049,2010,2020
201050,2010,2020
201053,2010,2020
201059,2010,2020
201060,2010,2020
201061,2010,2020
201062,2010,2020
201063,2010,2020
201064,2010,2020
201065,2010,2020
201068,2010,2020
201080,2010,2020
201083,2010,2020
201084,2010,2020
201088,2010,2020
201089,2010,2020
201090,2010,2020
201091,2010,2020
201093,2010,2020
201094,2010,2020
201095,2010,2020
201099,2010,2020
201100,2010,2020
201101,2010,2020
201105,2010,2020
201106,2010,2020
201107,2010,2020
201108,2010,2020
201109,2010,2020
201110,2010,2020
201111,2010,2020
201117,2010,2020
201118,2010,2020
201119,2010,2020
201120,2010,2020
201125,2010,2020
201126,2010,2020
201127,2010,2020
201128,2010,2020
201139,2010,2020
201140,2010,2020
201141,2010,2020
201143,2010,2020
201146,2010,2020
201147,2010,2020
201148,2010,2020
201153,2010,2020
201154,2010,2020
201163,2010,2020
201164,2010,2020
201168,2010,2020
201169,2010,2020
201171,2010,2020
201174,2010,2020
201176,2010,2020
201177,2010,2020
201178,2010,2020
201179,2010,2020
201180,2010,2020
201181,2010,2020
201182,2010,2020
201184,2010,2020
201187,2010,2020
201195,2010,2020
201202,2010,2020
201206,2010,2020
201207,2010,2020
201208,2010,2020
201209,2010,2020
201210,2010,2020
201211,2010,2020
201212,2010,2020
201213,2010,2020
201214,2010,2020
201221,2010,2020
201222,2010,2020
201224,2010,2020
201226,2010,2020
201227,2010,2020
201228,2010,2020
201229,2010,2020
201230,2010,2020
201234,2010,2020
201235,2010,2020
201236,2010,2020
201237,2010,2020
201238,2010,2020
201239,2010,2020
201241,2010,2020
201244,2010,2020
201245,2010,2020
201246,2010,2020
201247,2010,2020
201248,2010,2020
201250,2010,2020
201251,2010,2020
201254,2010,2020
201255,2010,2020
201256,2010,2020
201257,2010,2020
201258,2010,2020
201259,2010,2020
201260,2010,2020
201261,2010,2020
201262,2010,2020
201265,2010,2020
201272,2010,2020
201279,2010,2020
201280,2010,2020
201285,2010,2020
201286,2010,2020
201287,2010,2020
201288,2010,2020
201289,2010,2020
201293,2010,2020
201294,2010,2020
201296,2010,2020
201300,2010,2020
201301,2010,2020
201302,2010,2020
201306,2010,2020
201307,2010,2020
201308,2010,2020
201309,2010,2020
201310,2010,2020
201311,2010,2020
201312,2010,2020
201318,2010,2020
201325,2010,2020
201326,2010,2020
201328,2010,2020
201329,2010,2020
201344,2010,2020
201345,2010,2020
201346,2010,2020
201348,2010,2020
201351,2010,2020
201352,2010,2020
201356,2010,2020
201358,2010,2020
201359,2010,2020
201368,2010,2020
201369,2010,2020
201373,2010,2020
201374,2010,2020
201377,2010,2020
201379,2010,2020
201380,2010,2020
201381,2010,2020
201382,2010,2020
201383,2010,2020
201384,2010,2020
201386,2010,2020
201389,2010,2020
201397,2010,2020
201404,2010,2020
201408,2010,2020
201409,2010,2020
201410,2010,2020
201411,2010,2020
201412,2010,2020
201413,2010,2020
201414,2010,2020
201415,2010,2020
201416,2010,2020
201417,2010,2020
201418,2010,2020
201419,2010,2020
201427,2010,2020
201428,2010,2020
201429,2010,2020
201431,2010,2020
201433,2010,2020
201434,2010,2020
201435,2010,2020
201436,2010,2020
201437,2010,2020
201441,2010,2020
201442,2010,2020
201443,2010,2020
201446,2010,2020
201447,2010,2020
201450,2010,2020
201451,2010,2020
201452,2010,2020
201453,2010,2020
201455,2010,2020
201458,2010,2020
201462,2010,2020
201463,2010,2020
201464,2010,2020
201465,2010,2020
201466,2010,2020
201469,2010,2020
201477,2010,2020
201484,2010,2020
201485,2010,2020
201487,2010,2020
201488,2010,2020
201489,2010,2020
201490,2010,2020
201491,2010,2020
201493,2010,2020
201494,2010,2020
201495,2010,2020
201499,2010,2020
201500,2010,2020
201501,2010,2020
201505,2010,2020
201506,2010,2020
201507,2010,2020
201508,2010,2020
201509,2010,2020
201510,2010,2020
201511,2010,2020
201515,2010,2020
201516,2010,2020
201517,2010,2020
201518,2010,2020
201523,2010,2020
201524,2010,2020
201525,2010,2020
201537,2010,2020
201538,2010,2020
201539,2010,2020
201540,2010,2020
201542,2010,2020
201545,2010,2020
201546,2010,2020
201550,2010,2020
201552,2010,2020
201560,2010,2020
201561,2010,2020
201565,2010,2020
201566,2010,2020
201568,2010,2020
201571,2010,2020
201573,2010,2020
201574,2010,2020
201575,2010,2020
201576,2010,2020
201577,2010,2020
201579,2010,2020
201581,2010,2020
201588,2010,2020
201595,2010,2020
201599,2010,2020
201600,2010,2020
201601,2010,2020
201602,2010,2020
201603,2010,2020
201604,2010,2020
201605,2010,2020
201606,2010,2020
201612,2010,2020
201613,2010,2020
201615,2010,2020
201616,2010,2020
201617,2010,2020
201618,2010,2020
201619,2010,2020
201623,2010,2020
201624,2010,2020
201627,2010,2020
201630,2010,2020
201631,2010,2020
201632,2010,2020
201633,2010,2020
201634,2010,2020
201636,2010,2020
201638,2010,2020
201639,2010,2020
201640,2010,2020
201641,2010,2020
201642,2010,2020
201643,2010,2020
201645,2010,2020
201646,2010,2020
201647,2010,2020
201652,2010,2020
201659,2010,2020
201660,2010,2020
201663,2010,2020
201664,2010,2020
201665,2010,2020
201668,2010,2020
201669,2010,2020
201670,2010,2020
201674,2010,2020
201675,2010,2020
201679,2010,2020
201680,2010,2020
201681,2010,2020
201682,2010,2020
201683,2010,2020
201684,2010,2020
201685,2010,2020
201686,2010,2020
201691,2010,2020
201692,2010,2020
201693,2010,2020
201696,2010,2020
201698,2010,2020
201699,2010,2020
201715,2010,2020
201716,2010,2020
201717,2010,2020
201719,2010,2020
201723,2010,2020
201724,2010,2020
201725,2010,2020
201731,2010,2020
201732,2010,2020
201740,2010,2020
201741,2010,2020
201745,2010,2020
201746,2010,2020
201748,2010,2020
201750,2010,2020
201751,2010,2020
201752,2010,2020
201753,2010,2020
201754,2010,2020
201755,2010,2020
201757,2010,2020
201759,2010,2020
201771,2010,2020
201776,2010,2020
201777,2010,2020
201778,2010,2020
201779,2010,2020
201780,2010,2020
201781,2010,2020
201782,2010,2020
201783,2010,2020
201784,2010,2020
201792,2010,2020
201793,2010,2020
201794,2010,2020
201796,2010,2019
201797,2010,2019
201798,2010,2019
201799,2010,2019
201800,2010,2019
201801,2010,2019
201805,2010,2019
201806,2010,2019
201808,2010,2019
201811,2010,2019
201812,2010,2019
201813,2010,2019
201814,2010,2019
201815,2010,2019
201819,2010,2019
201820,2010,2019
201821,2010,2019
201822,2010,2019
201823,2010,2019
201825,2010,2019
201826,2010,2019
201834,2010,2019
201835,2010,2019
201837,2010,2019
201838,2010,2019
201839,2010,2019
201840,2010,2019
201842,2010,2019
201844,2010,2019
201847,2010,2019
201848,2010,2019
201849,2010,2019
201853,2010,2019
201854,2010,2019
201855,2010,2019
201856,2010,2019
201857,2010,2019
201858,2010,2019
201865,2010,2019
201875,2010,2019
201877,2010,2019
201880,2010,2019
201886,2010,2019
201887,2010,2019
201894,2010,2019
201898,2010,2019
201899,2010,2019
201902,2010,2019
201904,2010,2019
201905,2010,2019
201906,2010,2019
201907,2010,2019
201908,2010,2019
201910,2010,2019
201915,2010,2019
201922,2010,2019
201923,2010,2019
201924,2010,2019
201926,2010,2019
201927,2010,2019
201928,2010,2019
201929,2010,2019
201930,2010,2019
201931,2010,2019
201937,2010,2019
201938,2010,2019
201940,2010,2019
201941,2010,2019
201942,2010,2019
201943,2010,2019
201948,2010,2019
201950,2010,2019
201953,2010,2019
201954,2010,2019
201956,2010,2019
201957,2010,2019
201960,2010,2019
201961,2010,2019
201962,2010,2019
201963,2010,2019
201966,2010,2019
201967,2010,2019
201981,2010,2019
201983,2010,2019
201984,2010,2019
201985,2010,2019
201986,2010,2019
201988,2010,2019
201989,2010,2019
201990,2010,2019
201994,2010,2019
201995,2010,2019
201996,2010,2019
201998,2010,2019
202001,2010,2019
202002,2010,2019
202003,2010,2019
202004,2010,2019
202005,2010,2019
202009,2010,2019
202012,2010,2019
202013,2010,2019
202025,2010,2019
202026,2010,2019
202028,2010,2019
202031,2010,2019
202032,2010,2019
202033,2010,2019
202038,2010,2019
202045,2010,2019
202046,2010,2019
202050,2010,2019
202051,2010,2019
202054,2010,2019
202056,2010,2019
202057,2010,2019
202058,2010,2019
202059,2010,2019
202060,2010,2019
202063,2010,2019
202076,2010,2019
202079,2010,2019
202080,2010,2019
202081,2010,2019
202082,2010,2019
202083,2010,2019
202084,2010,2019
202085,2010,2019
202086,2010,2019
202087,2010,2019
202092,2010,2019
202094,2010,2019
202095,2010,2019
202096,2010,2019
202097,2010,2019
202100,2010,2019
202101,2010,2019
202103,2010,2019
202104,2010,2019
202106,2010,2019
202107,2010,2019
202108,2010,2019
202109,2010,2019
202111,2010,2019
202114,2010,2019
202115,2010,2019
202116,2010,2019
202117,2010,2019
202118,2010,2019
202121,2010,2019
202130,2010,2019
202134,2010,2019
202137,2010,2019
202140,2010,2019
202141,2010,2019
202142,2010,2019
202146,2010,2019
202147,2010,2019
202148,2010,2019
202152,2010,2019
202153,2010,2019
202154,2010,2019
202156,2010,2019
202157,2010,2019
202158,2010,2019
202159,2010,2019
202160,2010,2019
202163,2010,2019
202164,2010,2019
202165,2010,2019
202170,2010,2019
202171,2010,2019
202172,2010,2019
202183,2010,2019
202184,2010,2019
202187,2010,2019
202190,2010,2019
202191,2010,2019
202192,2010,2019
202193,2010,2019
202197,2010,2019
202198,2010,2019
202199,2010,2019
202206,2010,2019
202207,2010,2019
202211,2010,2019
202214,2010,2019
202216,2010,2019
202217,2010,2019
202218,2010,2019
202219,2010,2019
202220,2010,2019
202221,2010,2019
202224,2010,2019
202232,2010,2019
202238,2010,2019
202241,2010,2019
202242,2010,2019
202243,2010,2019
202244,2010,2019
202245,2010,2019
202246,2010,2019
202247,2010,2019
202248,2010,2019
202253,2010,2019
202254,2010,2019
202255,2010,2019
202257,2010,2019
202258,2010,2019
202259,2010,2019
202260,2010,2019
202264,2010,2019
202266,2010,2019
202267,2010,2019
202268,2010,2019
202270,2010,2019
202271,2010,2019
202272,2010,2019
202273,2010,2019
202275,2010,2019
202277,2010,2019
202278,2010,2019
202279,2010,2019
202280,2010,2019
202282,2010,2019
202285,2010,2019
202292,2010,2019
202294,2010,2019
202295,2010,2019
202296,2010,2019
202297,2010,2019
202298,2010,2019
202299,2010,2019
202301,2010,2019
202302,2010,2019
202306,2010,2019
202307,2010,2019
202308,2010,2019
202312,2010,2019
202313,2010,2019
202314,2010,2019
202315,2010,2019
202316,2010,2019
202319,2010,2019
202329,2010,2019
202331,2010,2019
202333,2010,2019
202336,2010,2019
202340,2010,2019
202341,2010,2019
202347,2010,2019
202351,2010,2019
202352,2010,2019
202354,2010,2019
202356,2010,2019
202358,2010,2019
202359,2010,2019
202360,2010,2019
202361,2010,2019
202362,2010,2019
202363,2010,2019
202364,2010,2019
202365,2010,2019
202366,2010,2019
202379,2010,2019
202382,2010,2019
202384,2010,2019
202385,2010,2019
202386,2010,2019
202387,2010,2019
202388,2010,2019
202389,2010,2019
202396,2010,2019
202397,2010,2019
202398,2010,2019
202399,2010,2019
202400,2010,2019
202401,2010,2019
202402,2010,2019
202407,2010,2019
202408,2010,2019
202409,2010,2019
202411,2010,2019
202412,2010,2019
202414,2010,2019
202415,2010,2019
202416,2010,2019
202417,2010,2019
202418,2010,2019
202420,2010,2019
202423,2010,2019
202424,2010,2019
202425,2010,2019
202426,2010,2019
202427,2010,2019
202428,2010,2019
202431,2010,2019
202442,2010,2019
202446,2010,2019
202450,2010,2019
202453,2010,2019
202454,2010,2019
202455,2010,2019
202456,2010,2019
202457,2010,2019
202458,2010,2019
202461,2010,2019
202462,2010,2019
202463,2010,2019
202465,2010,2019
202469,2010,2019
202470,2010,2019
202471,2010,2019
202475,2010,2019
202476,2010,2019
202477,2010,2019
202478,2010,2019
202479,2010,2019
202482,2010,2019
202483,2010,2019
202484,2010,2019
202485,2010,2019
202486,2010,2019
202492,2010,2019
202493,2010,2019
202494,2010,2019
202495,2010,2019
202496,2010,2019
202497,2010,2019
202512,2010,2019
202513,2010,2019
202515,2010,2019
202517,2010,2019
202520,2010,2019
202521,2010,2019
202522,2010,2019
202527,2010,2019
202535,2010,2019
202536,2010,2019
202540,2010,2019
202541,2010,2019
202543,2010,2019
202545,2010,2019
202547,2010,2019
202548,2010,2019
202549,2010,2019
202550,2010,2019
202551,2010,2019
202552,2010,2019
202553,2010,2019
202556,2010,2019
202564,2010,2019
202570,2010,2019
202573,2010,2019
202574,2010,2019
202575,2010,2019
202576,2010,2019
202577,2010,2019
202584,2010,2019
202585,2010,2019
202588,1994,2016
202589,1994,2016
202590,2017,2019
202591,2017,2019
230131,2004,2010
230132,2004,2010
230134,2004,2010
230135,2004,2010
230136,2004,2010
230173,1986,1988
230240,1975,2001
230244,1975,2001
230253,1975,2001
230254,1975,2001
230276,2003,2004
